Factor=N/A,5000011,58,60
Factor=N/A,5000011,60,62
Factor=N/A,5000011,65,67
Factor=N/A,5500021,58,60
Factor=N/A,5500021,60,62
Factor=N/A,5500021,65,67
Factor=N/A,6050039,58,60
Factor=N/A,6050039,60,62
Factor=N/A,6050039,65,67
Factor=N/A,6655057,58,60
Factor=N/A,6655057,60,62
Factor=N/A,6655057,65,67
Factor=N/A,7320589,58,60
Factor=N/A,7320589,60,62
Factor=N/A,7320589,65,67
Factor=N/A,8052659,58,60
Factor=N/A,8052659,60,62
Factor=N/A,8052659,65,67
Factor=N/A,8857973,58,60
Factor=N/A,8857973,60,62
Factor=N/A,8857973,65,67
Factor=N/A,9743779,58,60
Factor=N/A,9743779,60,62
Factor=N/A,9743779,65,67
Factor=N/A,10718159,58,60
Factor=N/A,10718159,60,62
Factor=N/A,10718159,65,67
Factor=N/A,11789977,58,60
Factor=N/A,11789977,60,62
Factor=N/A,11789977,65,67
Factor=N/A,11789977,70,71
Factor=N/A,12968983,58,60
Factor=N/A,12968983,60,62
Factor=N/A,12968983,65,67
Factor=N/A,12968983,70,71
Factor=N/A,14265893,58,60
Factor=N/A,14265893,60,62
Factor=N/A,14265893,65,67
Factor=N/A,14265893,70,71
Factor=N/A,15692497,58,60
Factor=N/A,15692497,60,62
Factor=N/A,15692497,65,67
Factor=N/A,15692497,70,71
Factor=N/A,17261771,58,60
Factor=N/A,17261771,60,62
Factor=N/A,17261771,65,67
Factor=N/A,17261771,70,71
Factor=N/A,18987959,58,60
Factor=N/A,18987959,60,62
Factor=N/A,18987959,65,67
Factor=N/A,18987959,70,71
Factor=N/A,20886769,58,60
Factor=N/A,20886769,60,62
Factor=N/A,20886769,65,67
Factor=N/A,20886769,70,71
Factor=N/A,22975471,58,60
Factor=N/A,22975471,60,62
Factor=N/A,22975471,65,67
Factor=N/A,22975471,70,71
Factor=N/A,25273019,58,60
Factor=N/A,25273019,60,62
Factor=N/A,25273019,65,67
Factor=N/A,25273019,70,71
Factor=N/A,27800327,58,60
Factor=N/A,27800327,60,62
Factor=N/A,27800327,65,67
Factor=N/A,27800327,70,71
Factor=N/A,30580379,58,60
Factor=N/A,30580379,60,62
Factor=N/A,30580379,65,67
Factor=N/A,30580379,70,71
Factor=N/A,33638431,58,60
Factor=N/A,33638431,60,62
Factor=N/A,33638431,65,67
Factor=N/A,33638431,70,71
Factor=N/A,37002281,58,60
Factor=N/A,37002281,60,62
Factor=N/A,37002281,65,67
Factor=N/A,37002281,70,71
Factor=N/A,40702511,58,60
Factor=N/A,40702511,60,62
Factor=N/A,40702511,65,67
Factor=N/A,40702511,70,71
Factor=N/A,44772803,58,60
Factor=N/A,44772803,60,62
Factor=N/A,44772803,65,67
Factor=N/A,44772803,70,71
Factor=N/A,49250099,58,60
Factor=N/A,49250099,60,62
Factor=N/A,49250099,65,67
Factor=N/A,49250099,70,71
Factor=N/A,54175151,58,60
Factor=N/A,54175151,60,62
Factor=N/A,54175151,65,67
Factor=N/A,54175151,70,71
Factor=N/A,59592679,58,60
Factor=N/A,59592679,60,62
Factor=N/A,59592679,65,67
Factor=N/A,59592679,70,71
Factor=N/A,65551973,58,60
Factor=N/A,65551973,60,62
Factor=N/A,65551973,65,67
Factor=N/A,65551973,70,71
Factor=N/A,72107179,58,60
Factor=N/A,72107179,60,62
Factor=N/A,72107179,65,67
Factor=N/A,72107179,70,71
Factor=N/A,79317947,58,60
Factor=N/A,79317947,60,62
Factor=N/A,79317947,65,67
Factor=N/A,79317947,70,71
Factor=N/A,87249751,58,60
Factor=N/A,87249751,60,62
Factor=N/A,87249751,65,67
Factor=N/A,87249751,70,71
Factor=N/A,95974751,58,60
Factor=N/A,95974751,60,62
Factor=N/A,95974751,65,67
Factor=N/A,95974751,70,71
Factor=N/A,95974751,73,74
Factor=N/A,105572239,58,60
Factor=N/A,105572239,60,62
Factor=N/A,105572239,65,67
Factor=N/A,105572239,70,71
Factor=N/A,105572239,73,74
Factor=N/A,116129471,58,60
Factor=N/A,116129471,60,62
Factor=N/A,116129471,65,67
Factor=N/A,116129471,70,71
Factor=N/A,116129471,73,74
Factor=N/A,127742443,58,60
Factor=N/A,127742443,60,62
Factor=N/A,127742443,65,67
Factor=N/A,127742443,70,71
Factor=N/A,127742443,73,74
Factor=N/A,140516693,58,60
Factor=N/A,140516693,60,62
Factor=N/A,140516693,65,67
Factor=N/A,140516693,70,71
Factor=N/A,140516693,73,74
Factor=N/A,154568399,58,60
Factor=N/A,154568399,60,62
Factor=N/A,154568399,65,67
Factor=N/A,154568399,70,71
Factor=N/A,154568399,73,74
Factor=N/A,170025253,58,60
Factor=N/A,170025253,60,62
Factor=N/A,170025253,65,67
Factor=N/A,170025253,70,71
Factor=N/A,170025253,73,74
Factor=N/A,187027793,58,60
Factor=N/A,187027793,60,62
Factor=N/A,187027793,65,67
Factor=N/A,187027793,70,71
Factor=N/A,187027793,73,74
Factor=N/A,205730587,58,60
Factor=N/A,205730587,60,62
Factor=N/A,205730587,65,67
Factor=N/A,205730587,70,71
Factor=N/A,205730587,73,74
Factor=N/A,226303673,58,60
Factor=N/A,226303673,60,62
Factor=N/A,226303673,65,67
Factor=N/A,226303673,70,71
Factor=N/A,226303673,73,74
Factor=N/A,248934053,58,60
Factor=N/A,248934053,60,62
Factor=N/A,248934053,65,67
Factor=N/A,248934053,70,71
Factor=N/A,248934053,73,74
